H_LinGapE = 3960.5956935074855
H_UGapE = 1760.2647526699932
Is H_LinGapE < 2*H_UGapE? : False