H_LinGapE = 3537.353484555867
H_UGapE = 4873.0711453516105
Is H_LinGapE < 2*H_UGapE? : True