H_LinGapE = 4406.4788149818
H_UGapE = 1941.2858976233465
Is H_LinGapE < 2*H_UGapE? : False