H_LinGapE = 245931.19298362551
H_UGapE = 109302.75243716686
Is H_LinGapE < 2*H_UGapE? : False