H_LinGapE = 15544.534633026593
H_UGapE = 9968.211027598147
Is H_LinGapE < 2*H_UGapE? : True