H_LinGapE = 43622.73434878007
H_UGapE = 29155.694990915497
Is H_LinGapE < 2*H_UGapE? : True