H_LinGapE = 2241.7338341898617
H_UGapE = 1047.0953304290215
Is H_LinGapE < 2*H_UGapE? : False