H_LinGapE = 58014.84386390346
H_UGapE = 29651.623384241917
Is H_LinGapE < 2*H_UGapE? : True