H_LinGapE = 295771.4807335641
H_UGapE = 261056.49385796997
Is H_LinGapE < 2*H_UGapE? : True