H_LinGapE = 1060.8206041799888
H_UGapE = 1363.2423337735522
Is H_LinGapE < 2*H_UGapE? : True