H_LinGapE = 371.6918533639296
H_UGapE = 485.16884909373056
Is H_LinGapE < 2*H_UGapE? : True