H_LinGapE = 41773.574049841125
H_UGapE = 57614.538212797765
Is H_LinGapE < 2*H_UGapE? : True