H_LinGapE = 9895.376865780929
H_UGapE = 7887.225678875571
Is H_LinGapE < 2*H_UGapE? : True