H_LinGapE = 214571.04887554582
H_UGapE = 112365.94929037483
Is H_LinGapE < 2*H_UGapE? : True