H_LinGapE = 1089.4418854673365
H_UGapE = 793.3829661541677
Is H_LinGapE < 2*H_UGapE? : True