H_LinGapE = 3112.511192829257
H_UGapE = 1768.1123265942772
Is H_LinGapE < 2*H_UGapE? : True