H_LinGapE = 1086.657156787208
H_UGapE = 1999.0970388325113
Is H_LinGapE < 2*H_UGapE? : True