H_LinGapE = 281716.6028609792
H_UGapE = 425135.7497237538
Is H_LinGapE < 2*H_UGapE? : True