H_LinGapE = 33105.609010151544
H_UGapE = 14713.604004511799
Is H_LinGapE < 2*H_UGapE? : False