H_LinGapE = 1755.3586562423513
H_UGapE = 851.5272627869936
Is H_LinGapE < 2*H_UGapE? : False