H_LinGapE = 44453.95448661855
H_UGapE = 19752.366683403823
Is H_LinGapE < 2*H_UGapE? : False