H_LinGapE = 1426.5951775968997
H_UGapE = 1082.6949688906063
Is H_LinGapE < 2*H_UGapE? : True