H_LinGapE = 6858.286308287394
H_UGapE = 2622.592809186306
Is H_LinGapE < 2*H_UGapE? : False