H_LinGapE = 2070.9665699226375
H_UGapE = 2222.64116667957
Is H_LinGapE < 2*H_UGapE? : True