H_LinGapE = 2019.3295522729504
H_UGapE = 2177.775855769749
Is H_LinGapE < 2*H_UGapE? : True